##FastQC	0.11.4
>>Basic Statistics	pass
#Measure	Value
Filename	step1.1_trimed_mm10_1_2.fastq
File type	Conventional base calls
Encoding	Sanger / Illumina 1.9
Total Sequences	248776
Sequences flagged as poor quality	0
Sequence length	36-51
%GC	47
>>END_MODULE
>>Per base sequence quality	pass
#Base	Mean	Median	Lower Quartile	Upper Quartile	10th Percentile	90th Percentile
1	31.689580184583722	32.0	32.0	32.0	32.0	32.0
2	30.579895166736343	32.0	32.0	32.0	27.0	32.0
3	32.56254220664373	37.0	27.0	37.0	27.0	37.0
4	34.54408383445348	37.0	37.0	37.0	27.0	37.0
5	35.30369890986269	37.0	37.0	37.0	32.0	37.0
6	38.2028169919928	41.0	37.0	41.0	32.0	41.0
7	38.41124947744155	41.0	41.0	41.0	32.0	41.0
8	38.66135398913078	41.0	41.0	41.0	32.0	41.0
9	38.39987780171721	41.0	41.0	41.0	32.0	41.0
10	38.625832073833486	41.0	41.0	41.0	32.0	41.0
11	38.4853804225488	41.0	41.0	41.0	32.0	41.0
12	38.31261456089012	41.0	41.0	41.0	32.0	41.0
13	38.37946988455478	41.0	41.0	41.0	32.0	41.0
14	38.40688008489565	41.0	41.0	41.0	32.0	41.0
15	38.39544409428562	41.0	41.0	41.0	32.0	41.0
16	38.395821944238996	41.0	41.0	41.0	32.0	41.0
17	38.52040389748207	41.0	41.0	41.0	32.0	41.0
18	38.4641926873975	41.0	41.0	41.0	32.0	41.0
19	38.58604125799916	41.0	41.0	41.0	32.0	41.0
20	38.18461587934527	41.0	37.0	41.0	32.0	41.0
21	38.34412885487346	41.0	41.0	41.0	32.0	41.0
22	38.49039296395151	41.0	41.0	41.0	32.0	41.0
23	38.299317458275716	41.0	41.0	41.0	32.0	41.0
24	38.093401292729204	41.0	37.0	41.0	32.0	41.0
25	38.21887561501109	41.0	41.0	41.0	32.0	41.0
26	38.365786892626296	41.0	41.0	41.0	32.0	41.0
27	38.355777888542306	41.0	41.0	41.0	32.0	41.0
28	38.202278354825225	41.0	41.0	41.0	32.0	41.0
29	38.285815351963215	41.0	41.0	41.0	32.0	41.0
30	38.315002251021	41.0	41.0	41.0	32.0	41.0
31	38.156506254622634	41.0	37.0	41.0	32.0	41.0
32	38.234021770588804	41.0	41.0	41.0	32.0	41.0
33	38.29786635366756	41.0	41.0	41.0	32.0	41.0
34	38.18498167025758	41.0	41.0	41.0	32.0	41.0
35	37.902152940798146	41.0	37.0	41.0	32.0	41.0
36	37.97390021545487	41.0	37.0	41.0	32.0	41.0
37	38.0333784175442	41.0	37.0	41.0	32.0	41.0
38	37.832364602954996	41.0	37.0	41.0	32.0	41.0
39	37.77934914042374	41.0	37.0	41.0	32.0	41.0
40	37.65907679317358	41.0	37.0	41.0	27.0	41.0
41	37.58394166540852	41.0	37.0	41.0	27.0	41.0
42	37.47335479843611	41.0	37.0	41.0	27.0	41.0
43	37.152076954902775	41.0	37.0	41.0	27.0	41.0
44	37.323126383032026	41.0	37.0	41.0	27.0	41.0
45	37.46631197444866	41.0	37.0	41.0	27.0	41.0
46	37.16647800810733	41.0	37.0	41.0	27.0	41.0
47	37.15196284256137	41.0	37.0	41.0	27.0	41.0
48	37.188365945349965	41.0	37.0	41.0	27.0	41.0
49	37.14453395763042	41.0	37.0	41.0	27.0	41.0
50	37.03531012024555	41.0	37.0	41.0	27.0	41.0
51	34.17610917087052	37.0	32.0	41.0	22.0	41.0
>>END_MODULE
>>Per tile sequence quality	pass
#Tile	Base	Mean
1101	1	0.0
1101	2	0.0
1101	3	0.0
1101	4	0.0
1101	5	0.0
1101	6	0.0
1101	7	0.0
1101	8	0.0
1101	9	0.0
1101	10	0.0
1101	11	0.0
1101	12	0.0
1101	13	0.0
1101	14	0.0
1101	15	0.0
1101	16	0.0
1101	17	0.0
1101	18	0.0
1101	19	0.0
1101	20	0.0
1101	21	0.0
1101	22	0.0
1101	23	0.0
1101	24	0.0
1101	25	0.0
1101	26	0.0
1101	27	0.0
1101	28	0.0
1101	29	0.0
1101	30	0.0
1101	31	0.0
1101	32	0.0
1101	33	0.0
1101	34	0.0
1101	35	0.0
1101	36	0.0
1101	37	0.0
1101	38	0.0
1101	39	0.0
1101	40	0.0
1101	41	0.0
1101	42	0.0
1101	43	0.0
1101	44	0.0
1101	45	0.0
1101	46	0.0
1101	47	0.0
1101	48	0.0
1101	49	0.0
1101	50	0.0
1101	51	0.0
>>END_MODULE
>>Per sequence quality scores	pass
#Quality	Count
13	3.0
14	17.0
15	89.0
16	244.0
17	463.0
18	583.0
19	746.0
20	809.0
21	951.0
22	1006.0
23	1189.0
24	1327.0
25	1582.0
26	1887.0
27	2158.0
28	2482.0
29	2876.0
30	3458.0
31	4072.0
32	4720.0
33	5947.0
34	7082.0
35	9038.0
36	11799.0
37	16602.0
38	26597.0
39	60351.0
40	80698.0
>>END_MODULE
>>Per base sequence content	fail
#Base	G	A	T	C
1	42.533041772518246	19.174277261472167	11.009502524359263	27.283178441650318
2	18.81344960819553	20.23632905946824	34.01079924895767	26.939422083378567
3	20.200501656108305	21.26531498215262	28.377335434286266	30.156847927452805
4	14.632440428337137	17.155593787182045	34.428562240730614	33.783403543750204
5	16.655143582982284	33.85615975817603	32.58071518152876	16.907981477312926
6	33.35222590694403	33.06803336348106	17.80403979499548	15.77570093457944
7	29.758899572306007	28.862912821172458	20.708991221018106	20.669196385503426
8	25.589687108081165	32.15503103193234	21.05106601923015	21.204215840756344
9	24.47914782433926	15.85770274344287	21.66536026529997	37.9977891669179
10	16.98583441866448	27.34471725113759	32.96110494750213	22.7083433826958
11	34.272489272630025	21.914800352284015	22.585989873845325	21.226720501240635
12	22.283976931800815	24.791075148600065	29.668133229306587	23.256814690292536
13	29.510545229194246	20.785831847759166	24.009963742600636	25.693659180445955
14	21.4151914202563	21.766115157654397	26.39083176563279	30.42786165645651
15	23.965204667784167	28.874578424160568	22.537776009068654	24.62244089898661
16	23.42739907878593	27.790896474043087	25.74652533338697	23.035179113784018
17	22.907756375213044	27.224893076502553	26.735697977296844	23.131652570987555
18	22.38930760727565	27.348005225605466	27.634609586976183	22.6280775801427
19	23.09575396043783	26.618644306255103	26.923339751500365	23.362261981806707
20	23.003360560843838	26.90739966555184	27.326665809107283	22.76257396449704
21	23.40391298751448	26.405425408675505	26.280731110825073	23.90993049298494
22	22.73683025573607	27.0012422959559	27.15120229322205	23.110725155085976
23	22.99470196007333	26.84031345057513	26.46481738885196	23.700167200499585
24	22.693105444255075	26.96160401324887	27.233736373283595	23.111554169212464
25	23.216467826478436	26.74132552979387	26.64445123323793	23.397755410489758
26	22.439061645817922	27.152136862076727	27.107518410136027	23.30128308196932
27	22.897305206289996	26.91135800881114	26.72806058462231	23.463276200276553
28	22.151654500434127	27.136460108692155	27.152136862076727	23.55974852879699
29	22.735714056018267	26.994565392160013	26.771473132456507	23.49824741936521
30	22.507396211853234	27.04601730070425	26.982104383059458	23.46448210438306
31	23.063318004952247	26.885632054539023	26.675804740007074	23.375245200501656
32	22.551612695758433	27.279962697366305	26.88804386275203	23.280380744123228
33	22.821333247580153	26.691883461427146	26.80363057529665	23.68315271569605
34	22.545583175225907	27.0351641637457	27.09947904942599	23.319773611602404
35	22.77229314724893	27.174245104029325	26.585763900054665	23.467697848667076
36	22.443081326172944	27.18107856063286	27.19474547383992	23.181094639354278
37	22.804157408301936	26.67334879077706	26.71239493768718	23.810098863233826
38	22.486376598808484	27.265356830255044	26.92613313219237	23.322133438744107
39	22.930930590885378	26.901845328847063	26.70368378270171	23.46354029756585
40	22.86380040351226	26.857922277205613	27.228552754965758	23.049724564316364
41	23.03106472054809	26.764299034149563	26.858966250321338	23.345669994981005
42	22.635279429641557	27.182787396918222	26.842740743174424	23.339192430265797
43	22.836574265618538	26.958212660322715	26.88622258998759	23.31899048407116
44	22.636215606864013	27.31702225376811	26.67362531835831	23.37313682100956
45	22.816048064874078	27.217072481256306	26.547488956301972	23.419390497567644
46	22.64116287712134	26.996399113233576	26.925491971688402	23.43694603795668
47	22.839011847612948	27.33391914880723	26.757338204547715	23.069730799032108
48	22.72833946607509	27.735933438719073	26.906574210603225	22.629152884602615
49	23.70217356377241	28.178750946774084	26.636828938006378	21.48224655144713
50	24.411666548679726	30.69699942354952	27.29594158635127	17.595392441419484
51	30.5997499245462	40.80325960419092	28.596990471262878	0.0
>>END_MODULE
>>Per sequence GC content	pass
#GC Content	Count
0	0.0
1	1.0
2	2.0
3	2.5
4	3.0
5	6.0
6	9.0
7	16.0
8	23.0
9	32.0
10	41.0
11	53.5
12	66.5
13	99.0
14	132.0
15	190.0
16	249.0
17	355.5
18	464.0
19	596.0
20	731.5
21	955.5
22	1182.5
23	1471.0
24	1758.0
25	2144.0
26	3045.5
27	3728.0
28	4434.5
29	5136.5
30	5806.0
31	6530.0
32	7587.5
33	8639.5
34	9496.0
35	10461.0
36	11577.0
37	12621.0
38	13163.5
39	13847.5
40	14649.0
41	15299.0
42	15793.5
43	16284.0
44	16805.0
45	17304.5
46	17666.0
47	18052.0
48	18252.5
49	18310.0
50	18061.0
51	17656.5
52	16958.0
53	16080.0
54	15019.0
55	13910.5
56	12878.5
57	11783.0
58	10612.0
59	9404.0
60	8322.5
61	7262.5
62	6308.0
63	5506.0
64	4879.0
65	4267.0
66	3692.0
67	3184.5
68	2828.0
69	2481.5
70	2185.0
71	1900.5
72	1662.0
73	1475.0
74	1321.5
75	1150.5
76	1033.5
77	911.5
78	822.5
79	726.0
80	618.5
81	540.0
82	458.5
83	390.0
84	325.0
85	257.5
86	200.5
87	180.0
88	154.5
89	132.5
90	113.5
91	80.0
92	46.5
93	40.0
94	33.0
95	23.0
96	14.0
97	16.5
98	19.0
99	13.0
100	7.0
>>END_MODULE
>>Per base N content	pass
#Base	N-Count
1	0.0
2	0.02210824195259993
3	0.0
4	0.0
5	0.0
6	4.0196803550181687E-4
7	0.0
8	0.0
9	4.0196803550181687E-4
10	0.0016078721420072675
11	0.04542238801170531
12	0.049040100331221664
13	0.11054120976299964
14	0.0016078721420072675
15	0.0028137762485127183
16	0.07677589478084702
17	0.0
18	4.0196803550181687E-4
19	0.0012059041065054508
20	0.003215744284014535
21	0.06753062996430524
22	0.017284625526578126
23	0.22952374827153746
24	0.0
25	0.0
26	0.0
27	0.0
28	0.0
29	0.0
30	0.0
31	0.0
32	0.0
33	0.0
34	0.0
35	0.0
36	0.0
37	0.0
38	0.0
39	0.0
40	0.0
41	0.0
42	0.0
43	0.0
44	0.0
45	0.0
46	0.0
47	0.0
48	0.0
49	0.0
50	0.0
51	0.0
>>END_MODULE
>>Sequence Length Distribution	warn
#Length	Count
36	352.0
37	505.0
38	646.0
39	936.0
40	1268.0
41	1573.0
42	1796.0
43	2190.0
44	2497.0
45	2904.0
46	3092.0
47	5180.0
48	7992.0
49	20083.0
50	58604.0
51	139158.0
>>END_MODULE
>>Sequence Duplication Levels	pass
#Total Deduplicated Percentage	95.76771851120938
#Duplication Level	Percentage of deduplicated	Percentage of total
1	97.54425690756526	93.415909379088
2	1.7146503510568702	3.2841630433032134
3	0.3450551851950566	0.991354435397802
4	0.1761734206144139	0.6748690621823232
5	0.078050658985644	0.37373667696757745
6	0.051082109386937566	0.2935210243636226
7	0.02727126461845291	0.18281947553972913
8	0.021859449113881164	0.16747436556386214
9	0.012784917652714332	0.11019441554587243
>10	0.027970221214442675	0.3958348368016904
>50	0.0	0.0
>100	8.455145963207719E-4	0.11012328524629045
>500	0.0	0.0
>1k	0.0	0.0
>5k	0.0	0.0
>10k+	0.0	0.0
>>END_MODULE
>>Overrepresented sequences	pass
>>END_MODULE
>>Adapter Content	pass
#Position	Illumina Universal Adapter	Illumina Small RNA 3' Adapter	Illumina Small RNA 5' Adapter	Nextera Transposase Sequence	SOLID Small RNA Adapter
1	0.0	0.0	0.0	0.0	0.0
2	0.0	0.0	0.0	0.0	0.0
3	0.0	0.0	0.0	0.0	0.0
4	0.0	0.0	0.0	0.0	0.0
5	0.0	0.0	0.0	0.0	0.0
6	0.0	0.0	0.0	0.0	0.0
7	0.0	0.0	0.0	0.0	0.0
8	0.0	0.0	0.0	0.0	0.0
9	0.0	0.0	0.0	0.0	0.0
10	0.0	0.0	0.0	0.0	0.0
11	0.0	0.0	0.0	0.0	0.0
12	0.0	0.0	0.0	0.0	0.0
13	0.0	0.0	0.0	0.0	0.0
14	0.0	0.0	0.0	0.0	0.0
15	0.0	0.0	0.0	0.0	0.0
16	0.0	0.0	0.0	0.0	0.0
17	0.0	0.0	0.0	0.0	0.0
18	0.0	0.0	0.0	0.0	0.0
19	0.0	0.0	0.0	0.0	0.0
20	0.0	0.0	0.0	0.0	0.0
21	0.0	0.0	0.0	0.0	0.0
22	0.0	0.0	0.0	0.0	0.0
23	0.0	0.0	0.0	0.0	0.0
24	0.0	0.0	0.0	0.0	0.0
25	0.0	0.0	0.0	0.0	0.0
26	0.0	0.0	0.0	0.0	0.0
27	0.0	0.0	0.0	0.0	0.0
28	0.0	0.0	0.0	0.0	0.0
29	0.0	0.0	0.0	0.0	0.0
30	4.0196803550181687E-4	0.0	0.0	0.0	0.0
31	4.0196803550181687E-4	0.0	0.0	0.0	0.0
32	4.0196803550181687E-4	0.0	0.0	0.0	0.0
33	4.0196803550181687E-4	0.0	0.0	0.0	0.0
34	4.0196803550181687E-4	0.0	0.0	0.0	0.0
35	4.0196803550181687E-4	0.0	0.0	0.0	0.0
36	4.0196803550181687E-4	0.0	0.0	0.0	0.0
37	8.039360710036337E-4	0.0	0.0	0.0	0.0
38	8.039360710036337E-4	0.0	0.0	0.0	0.0
39	8.039360710036337E-4	0.0	0.0	0.0	0.0
>>END_MODULE
>>Kmer Content	warn
#Sequence	Count	PValue	Obs/Exp Max	Max Obs/Exp Position
TCACGTC	35	0.008015816	27.389648	42
TAGCACA	70	3.2894884E-5	21.923418	4
ATAGCAC	70	8.290676E-4	18.7915	3
GTGTAGC	60	0.007520012	18.280539	1
CTTTAAC	60	0.007520012	18.280539	2
GTGTTAG	75	0.0013120831	17.549316	1
CTATGCT	90	2.266039E-4	17.051548	4
GTAGAAC	80	0.00202912	16.442564	3
TATAGTA	80	0.00202912	16.442564	4
GTCTTAG	100	5.033166E-4	15.355652	1
TTGTGTC	90	0.0043712654	14.653903	9
ATGGCGA	100	0.008832104	13.177891	17
ATGAGAA	205	0.0015983823	13.174062	45
GTACAAA	100	0.00890286	13.161987	1
CAGGGCT	165	1.3206477E-4	11.958227	4
ACACTGA	160	0.0013559767	10.974945	6
CTACAGT	160	0.001369718	10.961709	4
TAGAGGA	145	0.0080860015	10.611447	9
ACAGTGC	145	0.0080860015	10.611447	8
TACACAG	210	0.0012218155	9.397638	5
>>END_MODULE
