##FastQC	0.11.4
>>Basic Statistics	pass
#Measure	Value
Filename	step1.1_trimed_mm10_1_1.fastq
File type	Conventional base calls
Encoding	Sanger / Illumina 1.9
Total Sequences	248776
Sequences flagged as poor quality	0
Sequence length	36-51
%GC	47
>>END_MODULE
>>Per base sequence quality	pass
#Base	Mean	Median	Lower Quartile	Upper Quartile	10th Percentile	90th Percentile
1	31.837202945621765	32.0	32.0	32.0	32.0	32.0
2	31.221709489661382	32.0	32.0	32.0	32.0	32.0
3	33.44577853169116	37.0	27.0	37.0	27.0	37.0
4	35.553272823745054	37.0	37.0	37.0	32.0	37.0
5	35.851701932662316	37.0	37.0	37.0	32.0	37.0
6	39.13866289352671	41.0	41.0	41.0	37.0	41.0
7	39.202640126057176	41.0	41.0	41.0	37.0	41.0
8	39.289967681769944	41.0	41.0	41.0	37.0	41.0
9	39.50986027591086	41.0	41.0	41.0	37.0	41.0
10	39.58563125060295	41.0	41.0	41.0	37.0	41.0
11	39.5869939222433	41.0	41.0	41.0	37.0	41.0
12	39.40693234074026	41.0	41.0	41.0	37.0	41.0
13	39.43296781039972	41.0	41.0	41.0	37.0	41.0
14	39.425724346399974	41.0	41.0	41.0	37.0	41.0
15	39.47002524359263	41.0	41.0	41.0	37.0	41.0
16	39.3779223076181	41.0	41.0	41.0	37.0	41.0
17	39.48536434382738	41.0	41.0	41.0	37.0	41.0
18	39.337685307264366	41.0	41.0	41.0	37.0	41.0
19	39.330482040068176	41.0	41.0	41.0	37.0	41.0
20	39.52023507090716	41.0	41.0	41.0	37.0	41.0
21	39.394981831044795	41.0	41.0	41.0	37.0	41.0
22	39.435584622310834	41.0	41.0	41.0	37.0	41.0
23	39.52257452487378	41.0	41.0	41.0	37.0	41.0
24	39.52562144258289	41.0	41.0	41.0	37.0	41.0
25	39.331478920796215	41.0	41.0	41.0	37.0	41.0
26	39.18480882400232	41.0	41.0	41.0	37.0	41.0
27	39.368813711933626	41.0	41.0	41.0	37.0	41.0
28	39.311923175869055	41.0	41.0	41.0	37.0	41.0
29	39.12517284625527	41.0	41.0	41.0	37.0	41.0
30	39.00723140495868	41.0	41.0	41.0	32.0	41.0
31	39.16499581953243	41.0	41.0	41.0	37.0	41.0
32	39.24589188667717	41.0	41.0	41.0	37.0	41.0
33	39.21646380679808	41.0	41.0	41.0	37.0	41.0
34	39.07964594655433	41.0	41.0	41.0	37.0	41.0
35	38.80680612277712	41.0	41.0	41.0	32.0	41.0
36	38.927227706852754	41.0	41.0	41.0	32.0	41.0
37	38.86057856794974	41.0	41.0	41.0	32.0	41.0
38	38.933925128858704	41.0	41.0	41.0	32.0	41.0
39	38.752001617468665	41.0	41.0	41.0	32.0	41.0
40	38.924068512054546	41.0	41.0	41.0	32.0	41.0
41	38.839451730679016	41.0	41.0	41.0	32.0	41.0
42	38.79599837439091	41.0	41.0	41.0	32.0	41.0
43	38.65159190627623	41.0	41.0	41.0	32.0	41.0
44	38.609388754688325	41.0	41.0	41.0	32.0	41.0
45	38.85681240756892	41.0	41.0	41.0	32.0	41.0
46	38.53216678315122	41.0	37.0	41.0	32.0	41.0
47	38.562326403864404	41.0	37.0	41.0	32.0	41.0
48	38.18542630070508	41.0	37.0	41.0	32.0	41.0
49	38.30551729762056	41.0	37.0	41.0	32.0	41.0
50	38.3313388219393	41.0	37.0	41.0	32.0	41.0
51	36.19600772524074	41.0	37.0	41.0	27.0	41.0
>>END_MODULE
>>Per tile sequence quality	pass
#Tile	Base	Mean
1101	1	0.0
1101	2	0.0
1101	3	0.0
1101	4	0.0
1101	5	0.0
1101	6	0.0
1101	7	0.0
1101	8	0.0
1101	9	0.0
1101	10	0.0
1101	11	0.0
1101	12	0.0
1101	13	0.0
1101	14	0.0
1101	15	0.0
1101	16	0.0
1101	17	0.0
1101	18	0.0
1101	19	0.0
1101	20	0.0
1101	21	0.0
1101	22	0.0
1101	23	0.0
1101	24	0.0
1101	25	0.0
1101	26	0.0
1101	27	0.0
1101	28	0.0
1101	29	0.0
1101	30	0.0
1101	31	0.0
1101	32	0.0
1101	33	0.0
1101	34	0.0
1101	35	0.0
1101	36	0.0
1101	37	0.0
1101	38	0.0
1101	39	0.0
1101	40	0.0
1101	41	0.0
1101	42	0.0
1101	43	0.0
1101	44	0.0
1101	45	0.0
1101	46	0.0
1101	47	0.0
1101	48	0.0
1101	49	0.0
1101	50	0.0
1101	51	0.0
>>END_MODULE
>>Per sequence quality scores	pass
#Quality	Count
14	2.0
15	0.0
16	0.0
17	1.0
18	0.0
19	1.0
20	2.0
21	4.0
22	23.0
23	60.0
24	117.0
25	270.0
26	429.0
27	761.0
28	1189.0
29	1767.0
30	2485.0
31	3443.0
32	4479.0
33	5813.0
34	7177.0
35	9008.0
36	11493.0
37	15322.0
38	23874.0
39	54801.0
40	106255.0
>>END_MODULE
>>Per base sequence content	fail
#Base	G	A	T	C
1	44.15136508344856	18.518265427533205	10.237321928160274	27.093047560857958
2	18.961122502311746	20.24685401841354	34.126562939733844	26.66546053954087
3	20.32752355532688	21.522976492909287	28.17273370421584	29.976766247547992
4	14.605910537994019	17.04907225777406	34.23441167958324	34.110605524648676
5	16.422002122391227	34.082065794128056	32.744718140013504	16.751213943467217
6	33.865405022992576	33.49278065408239	17.373862430459532	15.267951892465511
7	30.319243013795543	28.907531273113165	20.51805640415474	20.25516930893655
8	25.825240376885226	32.79295430427373	20.926455928224588	20.45534939061646
9	24.840820657941283	15.451249316654339	21.4156510274303	38.29227899797408
10	16.718252564556067	27.589478084702705	33.1422645271248	22.550004823616426
11	35.01744541274078	21.913287455381546	22.25375438145159	20.815512750426084
12	22.26541145448114	25.065520789786795	29.866225037784993	22.80284271794707
13	30.191417178505965	20.674020001929446	23.724153455317236	25.410409364247354
14	21.259687429655592	21.730793967263722	26.433016046563978	30.576502556516704
15	24.28329099270026	29.01204296234364	22.193459176126314	24.51120686882979
16	23.74143808084381	27.878895070264015	25.554313920957007	22.82535292793517
17	23.06211210084574	27.589478084702705	26.595009164871207	22.753400649580346
18	22.39725697012574	27.84472778724636	27.284786313792324	22.473228928835578
19	23.4065987072708	26.90693636042062	26.752982602823423	22.93348232948516
20	23.115975817602987	27.012251985722095	27.376836993922243	22.49493520275268
21	23.600347300382673	26.66856931536804	26.381564138019748	23.349519246229537
22	22.979306685532368	27.385680290703284	26.96441778949738	22.670595234266973
23	23.391323921921728	27.00501656108306	26.28951345788983	23.314146059105383
24	23.034778274431616	27.273933176833776	27.02672283500016	22.664565713734444
25	23.626475222690292	26.68505000482362	26.556420233463037	23.132054539023056
26	22.753802617615847	27.42225938193395	26.984918159307973	22.839019841142232
27	23.199183200951857	27.136460108692155	26.645657137344436	23.018699553011544
28	22.624770878219763	27.213637971508504	26.96160401324887	23.199987137022866
29	22.975287005177346	27.189519889378396	26.709168086953728	23.12602501849053
30	22.767342115100917	27.29476269530857	26.857014225820325	23.080880963770184
31	23.621249638228768	26.568077306492587	26.710775959095734	23.09989709618291
32	22.707428847081523	27.22744814278823	27.00393954011899	23.061183470011258
33	23.114367945460977	26.773482972634017	26.82774865742676	23.284400424478246
34	22.804048622053575	27.07696883943789	27.471701450300674	22.647281088207865
35	23.317361803389396	27.24298163810014	26.5934012927292	22.846255265781267
36	22.664163745698943	27.348699231437116	27.084606232112424	22.90253079075152
37	23.140302929065655	26.82971007200905	26.709762076307857	23.32022492261744
38	22.73196583126971	27.346680325554757	27.059117711114517	22.862236132061014
39	23.021431459765466	26.97573797007683	26.911443590780426	23.091386979377273
40	23.073707281435183	27.05657926779771	27.22501826446952	22.64469518629759
41	23.342239990209475	27.011238705203255	26.812164725559384	22.834356579027883
42	22.985948333545426	27.37304034055689	26.93831306111223	22.702698264785447
43	23.046766769912786	26.935244420367464	26.91622177100865	23.101767038711092
44	22.868192798227717	27.26969306315214	26.862502138169557	22.999612000450583
45	23.075853525969183	27.122807461057814	26.739389649404437	23.061949363568566
46	22.869282466301016	27.148403373520676	26.83431990488001	23.147994255298293
47	23.15966531527646	27.212110756490986	26.900715949279736	22.727507978952815
48	22.773169455837035	27.780048969831245	27.06132658129915	22.385454993032567
49	23.754100143165218	28.096174407857777	26.58251934542687	21.567206103550134
50	24.397330347321223	30.473108626056245	27.530669928917785	17.59889109770475
51	30.896911254271163	40.43731345299353	28.6657752927353	0.0
>>END_MODULE
>>Per sequence GC content	pass
#GC Content	Count
0	0.0
1	1.0
2	2.0
3	3.0
4	4.0
5	7.0
6	10.0
7	16.5
8	23.0
9	36.5
10	50.0
11	66.5
12	83.0
13	106.0
14	130.5
15	189.5
16	247.5
17	347.5
18	448.5
19	562.5
20	682.0
21	935.0
22	1182.5
23	1468.0
24	1769.0
25	2140.5
26	2968.5
27	3601.0
28	4338.0
29	5073.5
30	5806.0
31	6555.0
32	7535.5
33	8597.0
34	9549.5
35	10507.5
36	11569.5
37	12619.5
38	13271.0
39	13981.5
40	14711.0
41	15357.5
42	15921.0
43	16466.0
44	16877.0
45	17251.5
46	17717.0
47	18175.5
48	18107.0
49	18072.0
50	18113.5
51	17998.5
52	17375.0
53	16274.0
54	14935.5
55	13780.0
56	12756.0
57	11659.0
58	10514.0
59	9334.0
60	8313.0
61	7279.0
62	6279.0
63	5471.5
64	4865.5
65	4207.5
66	3578.5
67	3033.5
68	2664.0
69	2355.0
70	2115.5
71	1882.5
72	1655.0
73	1451.5
74	1324.0
75	1158.5
76	1026.0
77	908.0
78	821.5
79	729.0
80	634.5
81	541.5
82	435.0
83	369.5
84	316.0
85	260.0
86	209.5
87	172.0
88	130.5
89	95.0
90	65.0
91	46.5
92	25.5
93	17.5
94	10.5
95	6.5
96	3.0
97	2.5
98	2.0
99	1.0
100	0.0
>>END_MODULE
>>Per base N content	pass
#Base	N-Count
1	0.0
2	0.018490529633083577
3	0.0
4	0.0
5	0.0
6	0.0
7	0.0
8	0.0
9	0.0
10	0.0
11	0.0
12	0.0
13	0.0
14	0.0
15	0.0
16	0.0
17	0.0
18	0.0
19	0.0
20	0.0
21	0.0
22	0.0
23	0.0
24	0.0
25	0.0
26	0.0
27	0.0
28	0.0
29	0.0
30	0.0012059041065054508
31	0.0
32	0.00643148856802907
33	0.0
34	0.0
35	0.0
36	0.0
37	0.0
38	0.0
39	0.0
40	0.0
41	0.0
42	0.0
43	0.0
44	0.0
45	0.0
46	4.261629988237901E-4
47	0.0
48	0.0021978794858720303
49	0.0
50	0.0
51	0.0
>>END_MODULE
>>Sequence Length Distribution	warn
#Length	Count
36	335.0
37	495.0
38	646.0
39	920.0
40	1245.0
41	1534.0
42	1784.0
43	2126.0
44	2352.0
45	2687.0
46	2792.0
47	4368.0
48	6768.0
49	18001.0
50	54637.0
51	148086.0
>>END_MODULE
>>Sequence Duplication Levels	pass
#Total Deduplicated Percentage	95.19615130175477
#Duplication Level	Percentage of deduplicated	Percentage of total
1	97.32931937709132	92.65376613518399
2	1.8380085764910765	3.499426850831348
3	0.36564797752201467	1.0442484057409902
4	0.18334287942243846	0.6981414595839133
5	0.10315300659099885	0.49098846113338174
6	0.059823284834390006	0.34169678846775375
7	0.0435743549553196	0.2903677621042081
8	0.020282887431598774	0.15446822566199497
9	0.015449247679178211	0.13236380276087997
>10	0.03926922978437654	0.5031931546229709
>50	0.0012775069183791456	0.07215748685536195
>100	8.51671278919407E-4	0.11918146705323517
>500	0.0	0.0
>1k	0.0	0.0
>5k	0.0	0.0
>10k+	0.0	0.0
>>END_MODULE
>>Overrepresented sequences	pass
>>END_MODULE
>>Adapter Content	pass
#Position	Illumina Universal Adapter	Illumina Small RNA 3' Adapter	Illumina Small RNA 5' Adapter	Nextera Transposase Sequence	SOLID Small RNA Adapter
1	0.0	0.0	0.0	0.0	0.0
2	0.0	0.0	0.0	0.0	0.0
3	0.0	0.0	0.0	0.0	0.0
4	0.0	0.0	0.0	0.0	0.0
5	0.0	0.0	0.0	0.0	0.0
6	0.0	0.0	0.0	0.0	0.0
7	0.0	0.0	0.0	0.0	0.0
8	0.0	0.0	0.0	0.0	0.0
9	0.0	0.0	0.0	0.0	0.0
10	0.0	0.0	0.0	0.0	0.0
11	0.0	0.0	0.0	0.0	0.0
12	0.0	0.0	0.0	0.0	0.0
13	0.0	0.0	0.0	0.0	0.0
14	0.0	0.0	0.0	0.0	0.0
15	0.0	0.0	0.0	0.0	0.0
16	0.0	0.0	0.0	0.0	0.0
17	0.0	0.0	0.0	0.0	0.0
18	0.0	0.0	0.0	0.0	0.0
19	0.0	0.0	0.0	0.0	0.0
20	0.0	0.0	0.0	0.0	0.0
21	0.0	0.0	0.0	0.0	0.0
22	0.0	0.0	0.0	0.0	0.0
23	0.0	0.0	0.0	0.0	0.0
24	0.0	0.0	0.0	0.0	0.0
25	0.0	0.0	0.0	0.0	0.0
26	0.0	0.0	0.0	0.0	0.0
27	0.0	0.0	0.0	0.0	0.0
28	0.0	0.0	0.0	0.0	0.0
29	0.0	0.0	0.0	0.0	0.0
30	0.0	0.0	0.0	4.0196803550181687E-4	0.0
31	0.0	0.0	0.0	4.0196803550181687E-4	0.0
32	0.0	0.0	0.0	4.0196803550181687E-4	0.0
33	0.0	0.0	0.0	4.0196803550181687E-4	0.0
34	0.0	0.0	0.0	4.0196803550181687E-4	0.0
35	0.0	0.0	0.0	4.0196803550181687E-4	0.0
36	0.0	0.0	0.0	4.0196803550181687E-4	0.0
37	0.0	0.0	0.0	4.0196803550181687E-4	0.0
38	0.0	0.0	0.0	4.0196803550181687E-4	0.0
39	0.0	0.0	0.0	4.0196803550181687E-4	0.0
>>END_MODULE
>>Kmer Content	warn
#Sequence	Count	PValue	Obs/Exp Max	Max Obs/Exp Position
TAACTTC	45	4.0575957E-5	29.332394	30
ACGCTCT	35	0.008910677	26.802021	41
TAGTACA	55	1.5933462E-4	23.989584	4
GTACAGA	80	3.6037382E-6	21.994873	1
GCTATAC	50	0.0025782194	21.994873	1
TATGGCG	85	6.1042283E-6	20.696896	16
GTAGTAC	55	0.004485032	19.99132	3
ATGGCGA	95	1.594767E-5	18.518276	17
TGCACTT	60	0.0074145203	18.325377	5
TCTTACT	75	0.0012889763	17.5959	2
TAGGACC	75	0.0012907154	17.592363	4
TAGAACA	125	4.836256E-7	17.592361	4
TGGCGAG	100	2.479419E-5	17.592361	18
TACTCTG	105	3.76895E-5	16.754631	5
GGCGAGA	80	0.0019881374	16.49284	19
AACAGTG	120	6.391856E-6	16.49284	7
CTGGGGT	105	7.1541156E-4	14.660302	4
GCGAGAA	90	0.004358649	14.660301	20
AGAACAG	140	2.7505648E-5	14.136719	5
CGAGAAA	110	0.0010173445	13.993924	21
>>END_MODULE
